60 90
0 1
0 12
0 48
1 2
1 3
2 4
2 15
3 5
3 50
4 5
4 6
5 7
6 8
6 19
7 9
7 54
8 9
8 10
9 58
10 11
10 21
11 23
11 59
12 13
12 24
13 14
13 15
14 16
14 27
15 17
16 17
16 18
17 19
18 20
18 31
19 21
20 21
20 22
22 23
22 33
23 35
24 25
24 36
25 26
25 27
26 28
26 39
27 29
28 29
28 30
29 31
30 32
30 43
31 33
32 33
32 34
34 35
34 45
35 47
36 37
36 48
37 38
37 39
38 40
38 51
39 41
40 41
40 42
41 43
42 44
42 55
43 45
44 45
44 46
46 47
46 57
47 59
48 49
49 50
49 51
50 52
51 53
52 53
52 54
53 55
54 56
55 57
56 57
56 58
58 59
